2,0
8,0
17,1
8,1
10,2
11,2
13,4
23,5
13,5
18,7
18,9
18,10
20,12
25,14
24,16
24,17
32,19
46,21
46,22
57,28
57,32
65,37
71,41
71,45
115,50
115,54
115,62
115,64
123,73
119,78
119,82
119,84
142,95
142,102
165,116
165,114
165,112
175,130
175,134
179,138
179,145
186,152
186,165
190,170
190,169
190,175
190,177
190,182
190,175
190,179
190,177
198,173
198,180
198,181
198,171
214,180
214,179
222,188
222,185
222,193
229,196
229,201
238,202
238,206
238,204
238,215
245,226
262,224
262,216
262,226
289,240
289,239
289,240
289,245
289,252
294,257
294,267
294,257
294,264
294,259
294,282
294,263
294,281
294,282
345,284
345,276
345,289
345,292
389,294
389,321
389,342
402,347
403,361
403,368
422,361
422,385
422,380
436,397
436,389
436,391
451,410
451,420
451,407
451,405
456,393
456,404
456,414
456,397
462,425
476,426
498,406
498,428
498,415
498,452
498,449
498,445
498,473
508,455
508,419
529,472
529,462
529,464
529,467
551,482
551,490
551,482
551,492
551,490
612,517
551,514
576,522
596,500
595,524
609,532
609,529
609,541
609,542
630,520
630,553
630,539
642,532
642,538
642,577
664,583
664,598
664,594
664,614
664,585
676,606
676,639
676,623
676,658
682,643
683,631
683,661
683,590
703,638
703,631
684,613
696,657
703,669
703,649
703,649
703,624
703,677
703,672
703,679
703,634
703,686
703,669
734,670
704,660
704,633
704,662
717,644
706,654
706,653
706,671
717,651
717,633
718,688
719,665
719,683
718,701
718,676
719,684
719,704
719,679
719,684
719,670
719,699
719,688
722,682
719,698
721,690
721,665
721,621
721,646
722,665
722,663
722,702
725,639
725,684
725,644
725,655
726,678
729,669
729,699
729,675
729,641
736,673
736,694
736,691
736,662
736,677
741,699
736,668
737,684
737,704
738,696
752,672
752,687
752,711
755,706
756,690
755,702
755,715
773,694
772,738
773,728
773,723
773,708
773,715
776,723
776,731
776,706
779,709
785,733
785,737
785,767
786,724
793,765
793,697
793,739
793,768
794,745
793,758
793,734
794,746
794,752
794,769
794,751
794,768
794,712
794,757
794,728
794,734
794,748
795,738
795,752
802,770
803,735
803,735
803,762
803,766
803,748
827,765
827,745
827,772
827,754
827,731
827,735
827,768
827,737
827,760
827,735
827,760
827,793
828,759
828,793
835,794
835,796
835,784
835,745
835,780
835,769
838,778
838,807
846,754
846,809
846,780
846,790
846,752
846,803
846,807
846,796
846,805
846,803
846,819
846,792
846,743
847,814
847,806
847,786
847,783
847,765
847,821
847,786
853,788
853,794
849,802
849,826
853,794
848,846
848,841
848,822
853,830
857,827
857,800
860,808
862,787
860,821
862,803
869,795
869,826
869,832
869,840
875,808
875,810
875,852
899,865
899,833
912,841
912,841
912,847
912,872
912,876
912,884
912,874
913,885
912,877
912,855
912,874
917,879
917,905
923,885
925,880
928,878
928,895
929,883
928,872
928,895
928,894
928,873
928,903
933,898
933,881
928,898
933,862
933,901
933,897
933,915
933,904
933,874
936,902
936,899
936,911
936,879
936,897
936,887
936,899
936,885
936,887
936,904
936,898
936,896
936,883
936,890
936,886
936,880
936,914
936,924
936,919
936,900
936,887
941,906
941,875
936,909
938,905
938,900
937,910
937,901
937,885
937,915
937,911
937,919
937,881
937,924
938,917
950,921
950,903
950,901
944,897
950,912
950,921
950,900
951,907
951,918
951,919
951,935
951,921
954,885
954,890
954,912
954,930
954,907
962,924
955,917
970,900
970,898
999,923
999,917
999,898
999,917
999,919
999,962
999,940
999,933
999,919
999,935
999,932
999,934
999,897
999,877
999,918
999,934
1004,942
1004,961
1013,939
1013,951
1013,891
1008,934
1008,944
1008,895
1008,942
1024,930
1008,948
1013,934
1013,925
1013,934
1024,944
1027,933
1027,973
1034,954
1034,907
1034,929
1034,965
1034,991
1034,972
1034,973
1036,938
1034,958
1034,955
1034,1002
1034,980
1034,978
1034,979
1034,994
1034,973
1034,965
1034,991
1034,964
1034,1007
1034,1002
1034,998
1034,970
1034,979
1034,970
1034,950
1034,950
1034,985
1034,970
1034,937
1038,937
1038,940
1049,926
1049,992
1060,959
1049,951
1049,1005
1049,999
1053,998
1053,988
1053,957
1053,959
1053,1009
1064,1012
1064,992
1064,1013
1064,988
1068,978
1073,990
1073,1007
1073,986
1073,978
1073,990
1073,1009
1073,965
1077,1017
1077,1005
1077,986
1077,1000
1077,1010
1077,1013
1077,1002
1077,1030
1077,1006
1086,961
1077,946
1077,1047
1077,1033
1077,1038
1099,1036
1099,1028
1099,981
1099,978
1099,999
1099,1019
1099,997
1099,1041
1099,1028
1099,1054
1099,1011
1109,1041
1109,1035
1109,1043
1109,1016
1109,1018
1109,1042
1109,1029
1109,1041
1109,1071
1109,1040
1109,1054
1109,1027
1109,1015
1109,1038
1109,1030
1137,1073
1109,1053
1109,1063
1109,1027
1109,1014
1113,1048
1113,1045
1113,1043
1112,1073
1112,1077
1112,1071
1112,1087
1112,1048
1112,1072
1112,1075
1112,1072
1131,1051
1112,1055
1112,1045
1112,1011
1112,1027
1112,1069
1112,1066
1112,1068
1112,1034
1112,1017
1126,1043
1112,1069
1112,989
1112,1033
1112,1030
1112,1076
1112,1057
1112,1083
1112,1028
1112,1057
1112,1066
1113,1052
1113,1051
1142,1071
1125,1071
1114,1035
1114,1063
1114,1038
1114,1055
1114,993
1114,1060
1114,1021
1114,1043
1114,1059
1115,1056
1132,1060
1132,1070
1135,1074
1132,1031
1132,1016
1132,1047
1132,1055
1138,1066
1131,1064
1132,1050
1135,1029
1138,1044
1139,1057
1143,1051
1143,1074
1143,1104
1144,1087
1144,1083
1144,1093
1144,1066
1144,1105
1144,1083
1144,1067
1144,1084
1144,1039
1144,1086
1144,1052
1144,1077
1144,1048
1144,1052
1157,1042
1166,1086
1166,1069
1166,1033
1157,1072
1157,1067
1157,1104
1157,1086
1157,1046
1157,1034
1157,1084
1157,1112
1157,1091
1165,1062
1157,1094
1157,1077
1158,1076
1157,1094
1157,1131
1157,1134
1157,1133
1157,1070
1157,1108
1157,1094
1157,1101
1157,1128
1159,1095
1159,1062
1159,1063
1159,1110
1159,1077
1159,1065
1159,1097
1159,1085
1159,1085
1159,1071
1159,1105
1159,1085
1159,1082
1159,1143
1159,1070
1159,1072
1159,1049
1159,1068
1159,1106
1159,1114
1159,1089
1159,1077
1159,1084
1159,1028
1159,1061
1159,1105
1159,1062
1159,1067
1159,1063
1159,1076
1159,1037
1159,1066
1159,1114
1175,1094
1159,1086
1192,1074
1192,1078
1159,1066
1159,1073
1162,1077
1162,1061
1162,1071
1162,1049
1162,1108
1162,1099
1162,1092
1162,1078
1162,1085
1162,1103
1162,1080
1162,1078
1162,1097
1162,1120
1162,1120
1162,1123
1162,1081
1162,1042
1162,1096
1162,1084
1162,1076
1162,1099
1162,1082
1162,1099
1162,1088
1162,1051
1162,1116
1198,1119
1163,1116
1162,1084
1162,1086
1162,1080
1162,1104
1163,1112
1163,1098
1163,1109
1163,1102
1163,1090
1163,1111
1163,1126
1163,1114
1163,1052
1163,1111
1163,1069
1163,1110
1163,1087
1163,1089
1163,1095
1163,1109
1163,1079
1163,1059
1165,1095
1165,1088
1163,1127
1163,1060
1163,1084
1164,1098
1163,1049
1164,1120
1163,1105
1163,1094
1163,1050
1198,1071
1198,1104
1198,1098
1198,1051
1198,1115
1198,1119
1198,1081
1198,1070
1198,1091
1198,1118
1198,1122
1198,1106
1198,1123
1203,1137
1203,1121
1203,1091
1203,1127
1203,1145
1203,1122
1203,1114
1203,1095
1203,1140
1203,1126
1203,1142
1206,1134
1206,1079
1206,1089
1206,1074
1206,1099
1206,1114
1206,1120
1206,1130
1206,1147
1206,1178
1206,1134
1206,1101
1206,1105
1206,1110
1206,1119
1206,1130
1206,1155
1206,1105
1206,1121
1206,1156
1206,1138
1206,1142
1206,1167
1206,1145
1206,1170
1206,1153
1206,1120
1206,1123
1206,1157
1206,1160
1206,1094
1206,1087
1206,1107
1206,1072
1206,1086
1206,1098
1206,1140
1206,1150
1206,1136
1206,1119
1206,1120
1206,1075
1206,1148
1206,1123
1206,1154
1206,1155
1206,1146
1206,1165
1206,1115
1207,1134
1207,1103
1207,1091
1207,1102
1207,1120
1207,1097
1208,1128
1208,1144
1208,1158
1212,1106
1212,1117
1212,1149
1211,1132
1212,1146
1212,1122
1212,1142
1212,1152
1212,1110
1212,1095
1212,1111
1212,1112
1212,1148
1212,1113
1213,1107
1222,1120
1222,1145
1222,1146
1222,1112
1222,1139
1222,1111
1222,1128
1222,1161
1223,1178
1223,1113
1223,1125
1231,1111
1231,1144
1231,1135
1231,1153
1232,1129
1232,1151
1224,1167
1224,1094
1224,1178
1224,1151
1224,1185
1224,1176
1224,1168
1224,1110
1224,1127
1224,1152
1224,1135
1224,1111
1225,1167
1225,1081
1225,1132
1225,1143
1228,1179
1228,1127
1228,1123
1236,1151
1236,1171
1236,1154
1236,1143
1236,1116
1236,1141
1236,1135
1236,1144
1239,1158
1239,1176
1243,1125
1243,1153
1243,1160
1243,1173
1243,1178
1243,1125
1243,1130
1243,1159
1249,1157
1244,1130
1244,1168
1244,1167
1244,1177
1244,1177
1253,1162
1244,1120
1244,1167
1244,1164
1244,1177
1246,1185
1244,1177
1246,1196
1244,1171
1245,1202
1245,1174
1245,1168
1245,1173
1248,1149
1251,1200
1248,1134
1248,1152
1257,1175
1246,1162
1248,1137
1249,1197
1249,1185
1252,1201
1252,1188
1259,1194
1259,1189
1259,1161
1256,1185
1250,1174
1253,1184
1253,1106
1253,1153
1253,1168
1256,1193
1263,1150
1263,1205
1263,1189
1263,1164
1269,1181
1269,1191
1269,1155
1268,1169
1268,1179
1280,1128
1268,1159
1268,1144
1268,1134
1269,1188
1269,1154
1275,1184
1275,1094
1280,1175
1280,1151
1280,1206
1275,1202
1276,1184
1284,1154
1275,1165
1277,1185
1277,1140
1277,1164
1277,1181
1276,1177
1283,1187
1283,1194
1283,1173
1284,1171
1280,1161
1280,1167
1280,1138
1280,1143
1280,1175
1280,1181
1280,1154
1280,1120
1280,1187
1280,1171
1280,1126
1280,1151
1280,1115
1280,1134
1281,1165
1281,1180
1281,1138
1292,1182
1285,1184
1288,1210
1288,1265
