33,22
32,24
39,26
39,28
44,29
44,30
40,31
41,32
39,33
46,33
43,33
43,34
46,35
44,36
48,37
47,39
46,39
46,40
50,40
50,40
54,42
54,42
54,43
52,43
53,44
54,43
51,44
55,45
56,47
56,48
56,49
55,49
55,50
55,51
55,50
56,50
56,50
58,52
58,51
58,52
59,52
59,53
59,52
60,52
60,52
59,52
59,52
60,53
59,53
60,53
60,54
60,54
60,55
60,54
60,55
60,55
60,55
60,56
60,55
60,56
60,55
60,55
60,55
60,56
60,56
60,55
60,56
60,56
60,57
60,56
60,57
60,56
60,55
60,56
60,56
60,55
60,54
60,55
60,56
60,56
60,55
60,56
60,56
60,55
60,57
60,57
60,55
60,56
60,56
60,56
60,57
60,57
60,57
60,56
60,57
60,56
60,57
60,56
60,56
60,54
60,55
60,56
60,57
60,57
61,57
61,56
61,55
61,56
61,56
61,56
60,55
61,55
60,57
60,55
60,55
60,54
62,55
62,56
62,57
62,57
62,57
62,57
62,56
62,57
62,57
62,57
64,57
64,58
64,58
64,58
64,58
64,57
64,57
64,59
64,57
64,59
64,60
64,58
64,58
64,57
64,57
64,57
64,58
64,59
64,59
64,59
64,58
64,59
64,60
64,58
64,61
