33,22
38,23
38,25
37,27
36,27
40,29
41,30
43,31
40,32
40,33
47,33
47,35
45,35
46,36
46,37
48,38
48,41
48,42
49,43
48,43
49,43
49,44
49,45
49,44
50,44
50,45
50,45
50,45
49,45
50,45
51,46
51,45
50,46
50,45
49,44
49,45
51,45
52,46
52,45
52,47
52,47
52,47
54,47
54,46
53,46
51,46
53,46
54,47
54,47
55,48
56,49
56,49
55,48
55,48
55,49
55,50
55,50
56,50
55,51
56,50
59,50
58,51
58,50
58,52
58,51
59,51
60,52
60,52
60,53
60,53
63,53
61,53
61,54
61,54
61,55
61,55
61,54
61,54
61,54
61,54
61,54
61,55
61,54
61,55
61,55
61,55
61,55
61,56
61,56
61,56
62,55
61,55
61,55
61,54
61,55
61,56
61,55
61,54
61,54
61,55
61,55
61,55
61,55
61,55
61,56
61,57
61,57
61,57
61,55
61,56
62,57
62,56
62,56
62,55
62,55
61,55
61,54
61,54
61,55
61,56
62,55
62,56
62,55
62,56
62,56
62,55
62,55
62,55
62,56
62,57
62,56
62,57
62,58
62,58
62,57
62,57
62,56
62,57
62,56
62,55
62,56
62,57
62,56
62,57
62,56
62,56
61,55
61,55
61,55
62,55
62,58
