39,22
38,24
36,25
39,27
41,29
40,28
42,29
43,30
43,30
44,32
44,32
47,35
46,36
48,39
48,42
49,42
49,43
49,43
49,43
49,44
50,44
50,45
50,45
50,45
51,45
51,46
51,45
51,46
51,45
52,44
53,47
52,46
52,47
52,47
52,48
54,48
52,49
53,49
53,49
53,49
53,49
53,49
53,48
53,48
53,48
54,48
54,49
54,49
54,49
54,49
54,49
54,48
54,50
54,50
54,50
54,50
55,50
55,50
54,51
55,51
55,50
55,50
55,52
55,52
55,51
56,51
55,51
55,52
55,50
55,51
56,52
56,52
56,52
56,52
56,53
56,52
56,53
56,52
56,51
56,52
56,53
56,54
56,53
56,53
56,52
56,52
58,53
56,51
57,52
58,53
58,53
58,52
58,53
58,53
58,53
58,53
58,51
58,52
58,53
58,54
58,52
58,52
58,53
58,53
58,54
58,53
58,54
58,54
58,54
58,54
58,55
58,55
58,55
58,55
58,54
58,55
58,54
58,55
58,55
59,54
59,53
59,54
59,55
59,55
59,55
59,55
59,55
59,54
59,53
59,55
59,55
59,55
59,56
59,55
59,55
59,55
59,54
59,54
60,57
60,57
60,56
60,56
60,55
60,55
60,56
60,56
60,57
60,57
60,57
60,56
60,59
