32,16
32,17
34,19
36,22
36,23
40,26
36,28
40,29
39,30
40,31
40,32
41,32
43,33
42,34
43,35
46,34
44,36
44,36
47,37
45,37
46,38
46,38
46,39
47,39
48,39
49,39
47,39
46,39
48,40
50,40
50,41
48,41
48,42
49,43
49,44
50,45
50,45
50,45
50,45
50,46
52,46
52,47
54,47
53,47
52,47
54,47
54,47
54,47
56,49
56,48
56,48
58,49
58,49
58,50
58,50
58,50
58,51
58,51
58,52
58,51
58,52
58,52
58,51
58,52
58,52
58,53
58,54
58,54
58,53
58,54
58,54
58,55
58,55
58,55
58,55
58,55
58,55
58,55
58,55
58,55
58,55
58,55
58,55
58,55
58,55
58,55
58,54
58,55
58,54
58,54
58,54
58,54
58,55
60,56
60,54
60,55
60,55
60,55
60,55
60,56
60,55
60,55
60,54
60,55
60,54
60,54
60,55
60,55
60,55
60,56
60,56
60,55
60,55
60,56
60,56
60,56
60,56
60,56
60,56
60,55
60,55
60,55
60,55
60,57
60,57
60,56
60,55
60,55
60,56
60,56
60,56
60,54
60,56
60,56
60,55
60,56
60,56
60,56
60,56
60,56
60,57
60,57
60,56
60,55
60,56
60,55
60,55
60,57
60,56
60,56
60,58
