32,14
37,16
32,17
34,18
34,19
37,22
34,23
43,26
42,27
42,30
43,31
42,32
45,33
45,33
46,35
46,34
46,36
48,38
48,39
48,39
48,39
52,41
50,42
50,43
54,44
54,43
52,44
56,46
56,47
57,46
56,47
55,48
54,48
56,50
56,50
56,50
56,50
56,51
56,51
56,50
56,53
56,50
56,52
56,52
56,52
56,52
56,53
56,52
56,52
56,52
56,52
56,52
56,53
56,54
56,52
56,54
56,54
56,53
56,53
56,52
56,54
56,51
56,51
56,53
56,53
56,53
56,52
56,52
56,52
56,54
56,52
56,53
56,53
56,54
56,53
56,53
56,53
56,52
56,53
56,54
56,53
56,54
56,53
56,53
57,52
56,52
56,52
56,52
56,51
56,51
56,52
56,53
56,52
56,54
56,53
56,52
56,53
56,53
56,52
56,53
56,52
56,52
56,51
56,50
56,52
56,52
56,52
56,51
56,51
56,51
56,53
56,52
56,52
56,53
56,51
58,52
58,53
58,53
58,52
58,52
58,52
58,53
58,53
58,53
58,53
58,52
58,53
58,53
58,53
58,55
58,54
58,53
58,53
58,54
58,54
58,55
58,54
58,53
58,53
58,55
58,55
58,54
58,52
58,53
58,53
58,54
58,54
58,53
58,53
58,54
58,56
