39,14
33,17
36,20
36,22
36,23
38,25
38,26
41,27
42,29
46,31
42,31
42,32
43,32
46,33
46,33
46,34
46,36
48,37
48,38
52,39
50,40
52,42
51,42
52,43
52,44
52,45
52,46
52,47
54,48
54,48
54,48
54,49
54,50
54,49
54,49
54,50
54,49
54,50
54,50
54,51
54,51
54,51
54,50
56,51
56,51
56,52
56,52
56,51
56,52
56,52
56,52
56,52
56,52
56,53
56,52
56,53
56,53
56,52
56,52
56,53
56,53
56,53
56,52
56,52
56,53
56,53
56,52
56,53
56,53
56,53
56,52
56,53
56,52
56,52
56,53
56,53
56,53
56,52
56,51
56,50
58,52
57,53
57,53
57,53
57,53
57,53
57,53
57,53
57,53
57,53
57,52
57,53
58,53
58,52
58,53
58,53
58,53
58,52
58,53
60,53
60,54
60,54
60,53
60,53
60,53
60,53
60,54
60,55
60,54
60,56
60,56
60,55
60,55
60,56
60,56
60,56
60,55
60,56
60,55
60,56
60,56
60,56
60,56
60,55
60,55
60,56
60,56
60,57
60,57
64,57
64,57
64,56
64,56
64,57
64,57
64,57
64,58
64,58
64,57
64,59
64,59
64,58
64,59
64,58
64,58
64,59
64,58
64,59
64,58
64,60
64,62
