32,13
25,14
25,16
30,18
34,19
38,20
40,22
40,26
40,27
40,28
40,29
40,31
41,33
42,35
42,36
44,38
44,39
44,39
42,39
44,39
44,39
44,39
44,38
44,40
44,40
44,41
44,41
46,41
44,41
46,43
46,42
46,42
46,42
46,42
46,43
46,43
46,43
46,42
48,43
48,43
48,43
48,43
48,44
48,43
48,43
48,43
48,44
48,44
48,45
48,45
48,46
48,46
48,46
48,46
48,45
48,46
48,45
48,46
48,46
48,45
48,45
48,46
48,46
48,45
48,45
48,45
48,46
48,45
48,45
48,45
48,47
48,47
48,46
48,46
48,47
48,45
48,45
48,43
48,44
48,45
48,45
48,44
48,45
49,45
48,44
49,45
49,45
49,46
49,46
49,45
49,46
50,45
50,45
50,47
50,46
50,45
50,46
50,47
52,47
50,46
52,45
52,46
52,46
52,47
52,47
52,47
52,48
52,47
52,48
52,48
52,48
52,48
52,48
52,49
52,48
52,48
52,49
52,50
52,49
52,49
52,49
52,49
52,48
52,50
52,49
52,50
52,49
52,49
52,49
52,49
52,49
52,50
52,50
52,49
52,49
52,48
52,49
52,50
52,49
52,48
52,48
52,49
52,49
52,49
52,48
52,49
52,49
56,48
56,49
56,50
56,52
