27,15
30,16
30,18
40,20
40,22
40,25
40,27
40,28
40,30
40,31
40,32
42,34
42,34
43,36
42,35
46,35
46,36
50,37
48,37
48,37
46,37
48,37
48,38
50,38
46,38
46,37
47,38
47,39
47,39
48,39
48,41
48,40
48,41
52,42
50,42
50,44
52,45
53,46
53,46
53,46
53,47
53,46
53,47
53,46
53,47
52,47
52,47
53,46
53,46
52,46
52,46
52,45
52,47
52,46
52,45
52,45
52,46
56,46
56,47
56,47
53,46
52,46
56,47
56,47
56,47
56,48
56,47
56,48
56,49
56,48
56,49
56,49
56,49
56,48
60,49
60,48
60,50
60,51
60,51
60,53
60,51
60,53
60,53
60,54
60,53
60,54
64,55
64,55
64,55
64,55
64,56
64,54
64,56
64,56
64,56
64,57
64,57
64,57
64,58
64,57
64,56
64,57
64,59
64,60
64,61
64,59
64,60
64,60
64,60
64,60
64,60
64,60
64,60
64,60
64,59
64,59
64,58
64,59
64,59
64,59
64,60
64,59
64,59
64,60
64,60
64,60
64,59
64,60
64,60
64,59
64,60
64,59
64,59
64,59
64,60
64,59
64,59
64,59
64,59
64,60
64,60
64,60
64,59
64,59
64,58
64,59
64,59
64,59
64,59
64,59
64,62
