33,15
32,16
40,20
40,20
40,21
40,25
37,23
40,27
40,28
40,28
40,28
40,30
40,33
42,35
42,36
40,36
40,38
40,38
40,38
40,38
40,39
40,38
40,39
40,38
42,38
40,39
40,39
40,39
40,38
40,39
40,39
40,38
40,38
40,38
40,39
40,39
42,39
40,38
40,38
44,38
44,38
44,39
44,38
44,39
44,39
44,39
44,39
44,39
44,38
44,39
44,40
44,40
44,40
48,41
48,41
48,42
44,41
44,41
44,41
44,42
44,42
44,43
44,42
46,42
46,42
46,42
48,43
48,43
48,43
48,42
48,43
48,44
48,44
48,43
48,45
48,45
48,45
48,46
48,45
48,46
48,46
48,46
48,45
48,45
48,47
48,46
48,47
48,46
48,46
48,46
48,45
48,46
48,46
48,44
48,45
48,45
48,46
48,46
48,46
48,46
48,45
48,47
48,46
48,45
48,45
48,45
48,45
48,46
48,46
48,46
48,46
48,46
48,46
48,46
48,46
48,46
48,46
48,46
48,45
48,46
48,45
48,45
48,46
48,44
48,44
48,45
49,45
49,46
49,45
49,45
50,46
50,46
50,46
50,45
50,47
50,46
50,46
50,46
50,46
50,46
50,48
50,47
50,46
50,47
50,46
50,47
50,47
50,46
50,47
50,47
50,49
