5,0
2,0
2,0
3,0
9,0
13,0
8,0
8,1
8,2
8,3
12,3
14,4
14,5
16,6
20,6
28,9
35,11
35,13
35,15
56,18
56,21
56,26
56,35
63,40
86,44
90,47
90,49
86,53
86,61
102,62
107,65
115,70
115,79
132,89
132,94
132,96
142,91
148,102
148,115
148,115
218,120
262,132
262,146
262,149
262,165
262,185
307,213
307,228
367,243
367,240
387,245
387,284
387,279
387,300
387,330
410,357
410,362
410,359
418,369
418,387
455,402
455,404
465,379
465,387
465,401
465,420
488,442
488,435
488,422
488,437
508,431
508,441
508,453
508,435
508,463
508,462
508,471
508,473
581,488
581,488
581,448
581,449
581,463
581,473
617,522
617,540
617,551
617,557
617,574
617,560
617,562
617,600
617,594
617,597
617,603
634,594
634,549
634,566
634,587
634,575
639,591
634,609
634,565
660,600
663,611
663,614
663,588
663,582
663,616
663,640
663,619
681,644
681,615
720,649
681,619
681,628
681,640
682,609
766,638
766,654
766,650
766,651
766,655
766,637
766,639
766,660
766,675
766,693
766,695
766,729
766,718
766,734
766,751
766,704
766,750
766,740
766,724
766,743
766,692
766,698
766,727
766,702
766,667
766,706
766,711
766,722
766,734
766,717
766,731
766,725
797,720
766,724
766,692
766,707
766,711
767,687
766,740
766,726
766,696
766,687
795,712
795,715
795,696
766,666
766,715
766,748
766,713
766,704
766,687
766,710
766,730
766,720
766,701
766,712
766,702
766,708
766,741
766,741
766,711
766,724
766,712
766,746
766,719
766,685
766,723
766,718
766,704
766,724
766,727
766,672
766,702
766,688
766,724
766,705
766,696
783,702
783,719
783,726
783,706
783,699
783,708
783,765
783,710
783,727
783,763
783,749
783,703
783,753
798,743
798,722
798,757
798,717
798,765
798,708
798,742
798,742
798,753
798,770
798,767
798,740
798,745
798,758
798,761
798,774
798,747
798,739
798,791
798,763
798,788
798,748
798,753
798,746
798,796
798,757
798,769
798,748
798,724
798,749
798,753
798,759
801,762
801,743
801,723
801,760
801,763
801,774
801,739
801,756
801,791
801,753
801,758
801,751
836,732
836,757
836,753
836,746
836,760
836,768
836,805
836,783
836,824
861,790
836,789
836,803
836,740
836,780
836,828
836,815
836,828
836,818
836,764
836,795
882,779
882,745
882,801
882,792
882,778
882,803
882,797
882,804
882,804
882,828
882,799
882,849
882,831
882,821
882,832
882,776
882,803
882,808
882,848
882,853
882,847
882,811
882,816
882,847
882,864
882,823
882,855
882,833
882,790
882,792
882,830
882,860
882,852
882,831
883,854
882,810
882,853
882,839
882,840
882,837
882,868
882,767
882,856
882,776
882,829
892,820
892,853
892,829
892,820
892,829
892,850
882,821
882,797
882,834
882,795
882,840
882,830
882,808
892,809
892,777
892,879
892,838
892,835
892,818
892,810
892,829
892,847
892,840
892,844
892,844
894,817
892,839
892,806
892,822
892,818
892,828
892,815
892,801
892,862
892,848
892,833
892,839
892,870
892,846
892,826
892,816
892,819
892,835
892,815
893,815
893,808
893,818
893,823
893,824
893,791
893,786
893,764
893,824
893,800
893,857
893,875
893,853
894,789
894,763
894,799
894,847
894,819
894,814
894,836
895,853
895,821
895,881
895,831
895,872
895,841
895,887
895,840
895,871
895,835
895,818
895,863
895,791
895,822
895,841
895,833
895,849
895,866
895,861
895,818
895,820
895,850
895,797
895,825
918,846
918,853
915,845
915,817
918,840
918,811
918,808
918,838
918,866
918,817
918,808
918,831
918,846
918,822
918,878
918,872
918,869
918,819
918,822
918,889
918,852
918,882
918,871
918,902
918,840
918,890
918,874
918,870
918,881
918,879
918,885
918,823
918,851
918,870
918,856
924,845
918,838
918,862
918,869
918,845
918,886
918,881
918,866
918,892
918,884
918,900
918,897
918,881
918,861
918,866
918,883
918,873
918,849
918,886
918,855
918,842
918,833
918,879
918,826
918,861
918,878
918,898
918,881
918,850
918,876
918,884
918,868
918,840
918,840
918,875
918,876
918,837
918,894
918,876
918,893
918,900
918,873
918,882
918,867
918,877
918,886
918,883
918,900
918,889
918,853
918,844
918,894
918,890
918,854
918,875
918,894
918,901
918,882
918,803
918,827
918,790
918,868
918,882
918,870
918,858
937,893
918,873
918,854
918,879
918,862
918,888
918,877
918,878
918,827
918,831
918,786
918,821
920,843
920,883
920,876
920,871
920,854
920,838
920,885
920,890
920,852
920,822
920,871
920,886
920,849
920,888
920,873
920,881
920,846
925,904
925,916
925,886
925,896
925,865
925,879
925,919
925,906
925,893
925,894
925,860
925,909
925,897
925,905
925,876
925,848
925,856
925,881
925,879
925,909
926,906
926,890
929,872
929,891
929,895
929,886
929,907
929,877
929,891
929,847
929,903
929,883
929,906
929,888
929,896
929,893
929,869
929,866
929,887
929,872
929,895
929,870
929,895
929,884
929,897
929,892
929,889
929,897
929,879
929,898
929,894
929,907
929,901
929,893
929,889
929,858
929,857
929,911
929,897
929,892
929,871
929,856
929,846
929,844
929,905
929,894
929,866
933,895
933,895
933,891
933,860
933,904
934,888
934,919
934,916
934,896
935,887
935,913
935,896
937,929
937,871
938,898
940,885
941,893
941,926
941,892
939,925
941,902
941,909
941,922
941,900
941,907
942,921
943,907
943,922
943,902
943,920
943,931
944,929
944,915
944,926
944,915
945,922
1012,928
1012,909
1012,931
955,920
955,921
955,932
955,932
955,934
955,902
955,916
955,925
955,910
955,910
955,920
986,908
986,910
987,895
988,910
1019,915
1019,910
1019,924
1019,931
1025,942
1025,950
1026,930
1025,917
1025,891
1025,963
1025,962
1025,966
1027,975
1027,961
1027,964
1027,955
1029,961
1035,950
1035,962
1043,975
1043,982
1038,954
1041,975
1041,963
1043,969
1043,923
1043,1005
1050,986
1048,947
1048,962
1048,992
1047,966
1048,998
1048,1015
1048,995
1048,990
1048,984
1048,979
1048,1006
1081,994
1048,942
1048,1009
1048,981
1048,990
1051,964
1051,978
1051,931
1051,968
1058,989
1058,953
1058,957
1059,977
1059,978
1062,962
1064,995
1064,992
1064,982
1065,992
1065,1029
1065,1006
1065,990
1068,991
1068,1007
1073,976
1069,983
1069,984
1069,986
1069,997
1073,1032
1073,981
1073,996
1073,1000
1074,1006
1074,1010
1073,1007
1074,1014
1074,1022
1074,968
1074,1015
1078,965
1078,995
1078,976
1078,988
1078,1011
1078,1003
1074,1040
1073,993
1073,1019
1073,1034
1073,1020
1073,994
1073,1000
1073,988
1074,988
1074,998
1073,963
1086,1024
1086,1030
1086,1011
1086,1002
1086,1032
1087,1024
1089,1011
1089,1029
1088,1016
1088,1015
1099,1031
1097,957
1134,1035
1136,1016
1098,1020
1098,1031
1098,1005
1098,1020
1098,1008
1098,1033
1099,1025
1099,1005
1106,1055
1106,1048
1106,1028
1107,1037
1111,1054
1111,1042
1111,1029
1113,1050
1113,1027
1113,1020
1113,1029
1118,1040
1118,1018
1121,1022
1126,1040
1126,994
1124,1022
1121,1081
1121,1028
1125,1075
1126,1040
1126,1014
1143,1025
1143,1026
1148,1011
1153,1072
1153,1086
1150,1053
1157,1044
1153,1044
1153,1110
1148,1086
1148,1056
1148,1037
1148,1042
1148,1072
1148,1103
1148,1109
1150,1031
1148,1060
1148,1092
1148,1073
1202,1081
1202,1111
1202,1108
1202,1099
1216,1053
1216,1092
1216,1066
1216,1111
1216,1159
1216,1152
1216,1126
1216,1137
1216,1131
1216,1114
1216,1139
1218,1138
1218,1111
1218,1108
1218,1173
1218,1118
1218,1115
1219,1129
1219,1144
1222,1158
1219,1103
1226,1087
1226,1107
1226,1164
1226,1078
1226,1139
1226,1126
1226,1105
1226,1127
1229,1125
1229,1150
1229,1098
1229,1158
1229,1137
1229,1149
1230,1157
1230,1146
1230,1164
1233,1079
1233,1064
1233,1121
1237,1137
1243,1173
1243,1125
1243,1156
1243,1168
1243,1150
1243,1172
1243,1163
1243,1132
1243,1124
1243,1145
1243,1130
1243,1176
1246,1135
1246,1127
1245,1136
1245,1153
1245,1160
1245,1179
1246,1156
1246,1130
1248,1131
1248,1146
1248,1105
1248,1169
1252,1150
1252,1145
1252,1150
1252,1121
1255,1170
1255,1155
1255,1160
1255,1170
1256,1163
1255,1162
1255,1167
1255,1114
1260,1178
1270,1187
1270,1150
1269,1176
1271,1192
1270,1179
1270,1144
1270,1163
1270,1143
1274,1144
1274,1182
1274,1178
1274,1174
1274,1181
1274,1206
1287,1217
1287,1211
1296,1226
1296,1241
1296,1170
1296,1124
1296,1143
1296,1159
1296,1134
1296,1109
1296,1177
1296,1189
1296,1186
1296,1159
1292,1112
1292,1159
1308,1171
1308,1148
1299,1185
1308,1234
1308,1093
1308,1105
1308,1140
1308,1233
1308,1227
1308,1213
1308,1167
1308,1191
1308,1224
1308,1232
1308,1179
1308,1191
1308,1200
1308,1198
1308,1124
1308,1188
1308,1219
1308,1223
1308,1210
1308,1268
1308,1227
1313,1249
1313,1169
1313,1158
1313,1164
1313,1241
1310,1242
1310,1161
1312,1208
1332,1243
1332,1218
1324,1169
1334,1175
1334,1222
1339,1215
1334,1172
1334,1237
1334,1163
1334,1250
1334,1247
1334,1246
1334,1227
1334,1186
1334,1213
1336,1202
1350,1254
1334,1194
1334,1258
1335,1266
1339,1267
1339,1183
1339,1230
1339,1221
1339,1245
1339,1264
1339,1250
1340,1224
1340,1192
1341,1196
1341,1229
1341,1171
1344,1134
1367,1229
1344,1229
1341,1237
1341,1201
1356,1176
1357,1193
0,1193
