38,22
40,23
39,25
37,27
40,28
44,28
46,31
44,32
43,33
45,34
47,34
45,33
46,33
46,34
46,35
46,35
46,36
47,37
47,37
46,36
46,36
49,37
52,38
55,39
55,40
55,40
55,41
55,42
55,42
56,44
56,45
56,46
56,47
56,49
57,49
57,51
58,52
58,52
58,53
58,52
58,52
58,52
58,52
58,52
59,53
60,53
60,53
60,53
60,53
60,54
59,53
59,54
59,53
60,53
60,54
60,54
60,54
61,54
62,54
61,55
61,55
63,54
61,55
61,57
61,56
64,56
64,56
64,55
64,56
64,56
64,57
64,58
64,58
64,58
64,58
64,59
64,59
64,58
64,59
64,59
64,58
64,59
64,60
64,59
64,60
64,60
64,59
64,59
64,59
64,58
64,60
64,60
64,60
64,60
64,61
64,60
64,60
64,60
64,60
64,59
64,62
