0,0
0,0
0,0
0,0
0,0
0,0
0,0
0,0
0,0
0,2
0,3
0,6
0,6
0,8
0,9
0,14
0,19
0,24
0,32
0,35
0,40
0,53
0,68
0,76
0,79
0,90
0,97
0,104
0,113
0,110
0,117
0,128
0,137
0,143
0,165
0,166
0,170
0,176
0,186
0,203
0,208
0,230
0,249
0,266
0,270
0,256
0,258
0,276
0,294
0,329
0,332
0,388
0,411
0,445
0,428
0,468
0,491
0,454
0,481
0,504
0,486
0,511
0,497
0,522
0,515
0,524
0,493
0,509
0,533
0,502
0,515
0,558
0,550
0,554
0,534
0,542
0,510
0,566
0,563
0,574
0,609
0,571
0,605
0,568
0,563
0,601
0,584
0,577
0,570
0,612
0,610
0,607
0,616
0,615
0,608
0,617
0,630
0,625
0,623
0,657
0,640
0,623
0,634
0,611
0,638
0,624
0,616
0,644
0,637
0,661
0,658
0,623
0,661
0,602
0,618
0,657
0,621
0,587
0,611
0,614
0,650
0,669
0,654
0,682
0,642
0,699
0,705
0,691
0,724
0,681
0,679
0,719
0,711
0,677
0,719
0,700
0,689
0,657
0,738
0,705
0,705
0,720
0,713
0,699
0,713
0,691
0,729
0,707
0,727
0,710
0,714
0,745
0,732
0,707
0,720
0,722
0,715
0,716
0,756
0,729
0,754
0,724
0,693
0,747
0,730
0,743
0,703
0,724
0,724
0,708
0,725
0,686
0,737
0,727
0,752
0,742
0,740
0,786
0,738
0,769
0,739
0,725
0,759
0,777
0,736
0,776
0,769
0,750
0,743
0,784
0,781
0,731
0,782
0,782
0,740
0,752
0,783
0,790
0,751
0,730
0,746
0,759
0,746
0,749
0,762
0,752
0,742
0,739
0,777
0,762
0,773
0,794
0,788
0,763
0,786
0,750
0,725
0,799
0,798
0,825
0,782
0,824
0,791
0,778
0,836
0,828
0,779
0,794
0,789
0,831
0,776
0,837
0,846
0,836
0,811
0,802
0,799
0,835
0,804
0,819
0,824
0,806
0,791
0,799
0,845
0,800
0,825
0,776
0,795
0,836
0,814
0,783
0,828
0,837
0,826
0,823
0,789
0,815
0,768
0,801
0,805
0,865
0,810
0,817
0,806
0,799
0,783
0,816
0,806
0,819
0,858
0,846
0,821
0,822
0,814
0,837
0,808
0,827
0,793
0,819
0,859
0,785
0,838
0,811
0,790
0,839
0,808
0,818
0,864
0,843
0,847
0,785
0,834
0,855
0,808
0,837
0,853
0,805
0,800
0,824
0,868
0,820
0,827
0,853
0,841
0,855
0,858
0,872
0,839
0,817
0,867
0,862
0,818
0,797
0,856
0,820
0,835
0,860
0,806
0,849
0,802
0,848
0,884
0,835
0,804
0,837
0,872
0,844
0,853
0,832
0,890
0,863
0,826
0,845
0,868
0,837
0,804
0,854
0,847
0,825
0,874
0,840
0,815
0,843
0,812
0,855
0,847
0,857
0,850
0,856
0,849
0,815
0,864
0,886
0,852
0,888
0,822
0,850
0,875
0,861
0,821
0,847
0,874
0,855
0,891
0,835
0,844
0,845
0,810
0,850
0,855
0,832
0,869
0,848
0,835
0,787
0,842
0,869
0,837
0,846
0,833
0,776
0,818
0,883
0,851
0,847
0,881
0,866
0,849
0,837
0,858
0,837
0,823
0,859
0,861
0,878
0,882
0,877
0,867
0,836
0,871
0,865
0,817
0,860
0,881
0,818
0,848
0,760
0,822
0,840
0,830
0,848
0,877
0,842
0,852
0,850
0,852
0,868
0,866
0,844
0,845
0,859
0,895
0,872
0,877
0,861
0,817
0,868
0,844
0,863
0,867
0,833
0,855
0,876
0,837
0,864
0,836
0,862
0,875
0,761
0,849
0,847
0,875
0,880
0,884
0,790
0,809
0,855
0,892
0,842
0,756
0,770
0,777
0,830
0,857
0,833
0,869
0,901
0,861
0,813
0,834
0,881
0,838
0,893
0,885
0,900
0,830
0,815
0,813
0,826
0,871
0,853
0,874
0,861
0,838
0,849
0,861
0,890
0,879
0,844
0,859
0,875
0,897
0,907
0,851
0,860
0,822
0,830
0,870
0,869
0,879
0,890
0,912
0,846
0,866
0,882
0,875
0,887
0,874
0,897
0,867
0,905
0,909
0,898
0,873
0,825
0,866
0,894
0,853
0,888
0,919
0,907
0,916
0,870
0,906
0,909
0,880
0,876
0,894
0,907
0,857
0,860
0,894
0,881
0,904
0,917
0,910
0,868
0,844
0,898
0,895
0,869
0,917
0,884
0,895
0,887
0,877
0,890
0,904
0,865
0,879
0,939
0,918
0,926
0,930
0,934
0,920
0,938
0,907
0,952
0,945
0,892
0,940
0,909
0,908
0,925
0,919
0,930
0,940
0,957
0,925
0,943
0,957
0,896
0,915
0,936
0,952
0,966
0,950
0,942
0,947
0,967
0,961
0,977
0,957
0,941
0,956
0,987
0,967
0,962
0,958
0,973
0,990
0,984
0,984
0,959
0,963
0,955
0,961
0,1000
0,989
0,1005
0,1016
0,1040
0,1031
0,1031
0,993
0,1040
0,1024
0,1022
0,1013
0,1031
0,1044
0,1049
0,1022
0,1072
0,1051
0,1025
0,1020
0,1030
0,1057
0,1038
0,1067
0,1073
0,1087
0,1057
0,1066
0,1045
0,1046
0,1034
0,1057
0,1010
0,1036
0,996
0,1008
0,1024
0,1003
0,1046
0,1072
0,1020
0,1069
0,1039
0,1065
0,1068
0,1044
0,1034
0,1024
0,1031
0,1054
0,1031
0,1033
0,1046
0,1069
0,1039
0,1066
0,1037
0,1045
0,1055
0,1063
0,1072
0,1075
0,1007
0,1022
0,1013
0,1036
0,1063
0,1055
0,1109
0,1073
0,1084
0,1110
0,1105
0,1074
0,1080
0,1083
0,1092
0,1079
0,1083
0,1067
0,1118
0,1049
0,1065
0,1043
0,1075
0,1093
0,1130
0,1084
0,1097
0,1100
0,1078
0,1075
0,1074
0,1096
0,1065
0,1073
0,1107
0,1102
0,1078
0,1060
0,1048
0,1122
0,1087
0,1145
0,1121
0,1123
0,1080
0,1067
0,1112
0,1122
0,1131
0,1088
0,1097
0,1089
0,1110
0,1124
0,1112
0,1099
0,1074
0,1101
0,1088
0,1058
0,1105
0,1090
0,1075
0,1079
0,1133
0,1090
0,1088
0,1127
0,1085
0,1078
0,1101
0,1076
0,1089
0,1105
0,1083
0,1106
0,1121
0,1123
0,1097
0,1118
0,1119
0,1113
0,1119
0,1108
0,1101
0,1121
0,1119
0,1085
0,1107
0,1134
0,1092
0,1118
0,1059
0,1102
0,1073
0,1081
0,1111
0,1088
0,1122
0,1151
0,1128
0,1091
0,1104
0,1078
0,1084
0,1047
0,1116
0,1107
0,1067
0,1105
0,1101
0,1098
0,1112
0,1127
0,1145
0,1085
0,1041
0,1072
0,1076
0,1007
0,1046
0,1077
0,1153
0,1121
0,1098
0,1087
0,1087
0,1099
0,1060
0,1121
0,1107
0,1117
0,1100
0,1097
0,1094
0,1096
0,1113
0,1069
0,1025
0,1113
0,1118
0,1098
0,1121
0,1125
0,1125
0,1112
0,1102
0,1117
0,1112
0,1103
0,1108
0,1108
0,1086
0,1081
0,1066
0,1095
0,1094
0,1132
0,1132
0,1129
0,1076
0,1130
0,1092
0,1112
0,1142
0,1119
0,1162
0,1159
0,1073
0,1088
0,1100
0,1119
0,1120
0,1141
0,1104
0,1119
0,1104
0,1131
0,1131
0,1123
0,1094
0,1131
0,1148
0,1113
0,1116
0,1120
0,1097
0,1138
0,1120
0,1092
0,1110
0,1126
0,1089
0,1095
0,1128
0,1122
0,1160
0,1118
0,1122
0,1103
0,1165
0,1133
0,1111
0,1112
0,1096
0,1080
0,1093
0,1061
0,1121
0,1094
0,1153
0,1153
0,1151
0,1126
0,1097
0,1148
0,1145
0,1133
0,1140
0,1155
0,1093
0,1135
0,1116
0,1072
0,1140
0,1082
0,1128
0,1160
0,1132
0,1085
0,1146
0,1138
0,1143
0,1120
0,1111
0,1152
0,1148
0,1141
0,1134
0,1088
0,1136
0,1108
0,1124
0,1097
0,1135
0,1128
0,1062
0,1111
0,1101
0,1108
0,1094
0,1129
0,1119
0,1124
0,1137
0,1138
0,1062
0,1150
0,1132
0,1144
0,1106
0,1134
0,1139
0,1163
0,1133
0,1137
0,1127
0,1115
0,1121
0,1124
0,1157
0,1141
0,1164
0,1148
0,1158
0,1150
0,1163
0,1178
0,1107
0,1105
0,1111
0,1122
0,1102
0,1138
0,1088
0,1147
0,1111
0,1148
0,1196
0,1144
0,1125
0,1105
0,1125
0,1126
0,1121
0,1128
0,1096
0,1154
0,1145
0,1108
0,1134
0,1105
0,1108
0,1111
0,1147
0,1170
0,1118
0,1132
0,1161
0,1182
0,1156
0,1146
0,1130
0,1117
0,1150
0,1166
0,1163
0,1151
0,1122
0,1132
0,1130
0,1139
0,1141
0,1175
0,1123
0,1096
0,1134
0,1107
0,1107
0,1139
0,1137
0,1115
0,1190
0,1182
0,1180
0,1136
0,1139
0,1112
0,1147
0,1105
0,1126
0,1101
0,1090
0,1100
0,1138
0,1071
0,1127
0,1139
0,1149
0,1212
